98 105 5.
98 106 5.
98 107 5.
98 108 5.
98 109 5.
98 110 5.
98 168 4.5
98 169 4.5
98 170 4.5
98 171 4.5
98 172 4.5
98 173 4.5
98 174 4.5
98 175 4.5
98 176 4.5
98 177 4.5
98 178 4.5
98 179 4.5
98 180 4.5
98 181 4.5
98 182 4.5
98 183 4.5
98 184 4.5
99 35 4.5
99 36 4.5
99 37 4.5
99 38 4.5
99 39 4.5
99 40 4.5
99 41 4.5
99 42 4.5
99 43 4.5
99 44 4.5
99 45 4.5
99 46 4.5
99 47 4.5
99 48 4.5
99 49 4.5
99 50 4.5
99 51 4.5
99 52 4.5
99 53 4.5
99 54 4.5
99 55 4.5
99 56 4.5
99 57 4.5
99 58 4.5
99 59 4.5
99 60 4.5
99 61 4.5
99 62 4.5
99 63 4.5
99 64 4.5
99 65 4.5
99 66 4.5
99 67 4.5
99 68 4.5
99 69 4.5
99 70 4.5
99 71 4.5
99 72 4.5
99 73 4.5
99 74 4.5
99 75 4.5
99 76 4.5
99 77 4.5
99 78 4.5
99 79 4.5
99 80 4.5
99 81 4.5
99 82 4.5
99 83 4.5
99 84 4.5
99 85 4.5
99 86 4.5
99 87 4.
99 96 3.
99 97 3.
99 98 2.
99 99 2.
99 100 7.
99 101 6.5
99 102 6.
99 103 5.5
99 104 5.5
99 105 5.5
99 106 5.5
99 107 4.5
99 108 4.5
99 109 4.5
99 110 4.5
99 111 4.5
99 112 4.5
99 113 4.5
99 114 4.5
99 115 4.5
99 116 4.5
99 117 4.5
99 118 4.5
99 119 4.5
99 120 4.5
99 121 4.5
99 122 4.5
99 123 4.5
99 124 4.5
99 125 4.5
99 126 4.5
99 127 4.5
99 128 4.5
99 129 4.5
99 130 4.5
99 131 4.5
99 132 4.5
99 133 4.5
99 134 4.5
99 135 4.5
99 136 4.5
99 137 4.5
99 138 4.5
99 139 4.5
99 140 4.5
99 141 4.5
99 142 4.5
99 143 4.5
99 144 4.5
99 145 4.5
99 146 4.5
99 147 4.5
99 148 4.5
99 149 4.5
99 150 4.5
99 151 4.5
99 152 4.5
99 153 4.5
99 154 4.5
99 155 4.5
99 156 4.5
99 157 4.5
99 158 4.5
99 159 4.5
99 160 4.5
99 161 4.5
99 162 4.5
99 163 4.5
99 164 4.5
99 165 4.5
99 166 4.5
99 167 4.5
99 168 4.5
99 169 4.5
99 170 4.5
99 171 4.5
99 172 4.5
99 173 4.5
99 174 4.5
99 175 4.5
99 176 4.5
99 177 4.5
99 178 4.5
99 179 4.5
99 180 4.5
99 181 4.5
99 182 4.5
99 183 4.5
99 184 4.5
100 18 4.
100 19 4.5
100 20 4.5
100 21 4.5
100 22 4.5
100 23 4.5
100 24 4.5
100 25 4.5
100 26 4.5
100 27 4.5
100 28 4.5
100 29 4.5
100 30 4.5
100 31 4.5
100 32 4.5
100 33 4.5
100 34 4.5
100 35 4.5
100 36 4.5
100 37 4.5
100 38 4.5
100 39 4.5
100 40 4.5
100 41 4.5
100 42 4.5
100 43 4.5
100 44 4.5
100 45 4.5
100 46 4.5
100 47 4.5
100 48 4.5
100 49 4.5
100 50 4.5
100 51 4.5
100 52 4.5
100 53 4.5
100 54 4.5
100 55 4.5
100 56 4.5
100 57 4.5
100 58 4.5
100 59 4.5
100 60 4.5
100 61 4.5
100 62 4.5
100 63 4.5
100 64 4.5
100 65 4.5
100 66 4.5
100 67 4.5
100 68 4.5
100 69 4.5
100 70 4.5
100 71 4.5
100 72 4.5
100 73 4.5
100 74 4.5
100 75 4.5
100 76 4.5
100 77 4.5
100 78 4.5
100 79 4.5
100 80 4.5
100 81 4.5
100 82 4.5
100 83 4.5
100 84 4.5
100 85 4.5
100 86 4.5
100 87 4.5
100 88 4.5
100 89 4.5
100 90 4.5
100 91 4.5
100 92 4.5
100 93 4.
100 94 3.5
100 95 3.5
100 96 3.5
100 97 2.5
100 98 2.5
100 99 2.
100 100 7.
100 101 6.5
100 102 6.5
100 103 5.5
100 104 5.5
100 105 5.5
100 106 5.
100 107 5.
100 108 5.
100 109 5.
100 110 4.5
100 111 4.5
100 112 4.5
100 113 4.5
100 114 4.5
100 115 4.5
100 116 4.5
100 117 4.5
100 118 4.5
100 119 4.5
100 120 4.5
100 121 4.5
100 122 4.5
100 123 4.5
100 124 4.5
100 125 4.5
100 126 4.5
100 127 4.5
100 128 4.5
100 129 4.5
100 130 4.5
100 131 4.5
100 132 4.5
100 133 4.5
100 134 4.5
100 135 4.5
100 136 4.5
100 137 4.5
100 138 4.5
100 139 4.5
100 140 4.5
100 141 4.5
100 142 4.5
100 143 4.5
100 144 4.5
100 145 4.5
100 146 4.5
100 147 4.5
100 148 4.5
100 149 4.5
100 150 4.5
100 151 4.5
100 152 4.5
100 153 4.5
100 154 4.5
100 155 4.5
100 156 4.5
100 157 4.5
100 158 4.5
100 159 4.5
100 160 4.5
100 161 4.5
100 162 4.5
100 163 4.5
100 164 4.5
100 165 4.5
100 166 4.5
100 167 4.5
100 168 4.5
101 10 4.5
101 11 4.5
101 12 4.5
101 13 4.5
101 14 4.5
101 15 4.5
101 16 4.5
101 17 4.5
101 18 4.5
101 19 4.5
101 20 4.5
101 21 4.5
101 22 4.5
101 23 4.5
101 24 4.5
101 25 4.5
101 26 4.5
101 27 4.5
101 28 4.5
101 29 4.5
101 30 4.5
101 31 4.5
101 32 4.5
101 33 4.5
101 34 4.5
101 35 4.5
101 87 4.5
101 88 4.5
101 89 4.5
101 90 4.5
101 91 4.5
101 92 4.5
101 93 4.
101 94 3.5
101 95 3.5
101 96 3.5
101 97 3.
101 98 3.
102 8 4.5
102 9 4.5
102 10 4.5
102 11 4.5
102 12 4.5
102 13 4.5
102 14 4.5
102 15 4.5
102 16 4.5
102 17 4.5
102 18 4.5
103 8 4.5
103 9 4.5